5000 6 10.0 20.0 0.3 0.01
2000 10.0
100 200 300


4

3
0 4 200.0 700.0 0.1 -1.4
0 4 -80.0 200.0 1.0 1.1
0 4 820.0 100.0 -1.1 1.0
2
0 2 80 700 -50.0 100.0 3.0 0.0
1 2 60 500 850.0 500.0 -4.0 0.0

5
0 4 200.0 700.0 0.1 -1.4
0 4 600.0 700.0 -1.1 -1.0
0 4 -80.0 200.0 1.0 1.1
0 4 820.0 100.0 -1.0 1.1
0 4 500.0 -100.0 1.1 -1.0
3
0 2 60 700 -50.0 100.0 5.0 0.0
1 2 50 500 850.0 500.0 -5.0 0.0
0 2 50 500 -50.0 300.0 5.0 0.0

7
0 4 200.0 700.0 0.3 -1.4
0 4 600.0 700.0 -1.0 -1.1
0 4 -80.0 200.0 1.1 1.0
0 4 -120.0 400.0 1.0 1.1
0 4 820.0 100.0 -1.2 1.0
0 4 880.0 300.0 -1.0 1.3
0 4 500.0 -100.0 1.2 -1.0
4
0 2 60 700 -50.0 100.0 5.0 0.0
1 2 50 500 850.0 500.0 -5.0 0.0
0 2 50 500 -50.0 300.0 5.0 0.0
1 2 50 500 850.0 500.0 -5.0 0.0

9
0 4 200.0 700.0 0.2 -1.4
0 4 600.0 700.0 -1.0 -1.2
0 4 -80.0 200.0 1.2 1.0
0 4 -120.0 400.0 1.0 1.1
0 4 820.0 100.0 -1.3 1.0
0 4 880.0 300.0 -1.0 1.2
0 4 200.0 -100.0 1.0 1.7
0 4 400.0 -100.0 -0.5 1.2
0 4 600.0 -100.0 -2.0 0.5
3
0 2 60 700 -50.0 100.0 5.0 0.0
1 2 50 500 850.0 500.0 -5.0 0.0
1 2 50 500 -50.0 300.0 5.0 0.0